0000
0001
0007
0011
0101
0110
0111
0123
0199
0202
0212
0220
0222
0303
0330
0333
0404
0440
0444
0505
0550
0555
0606
0660
0666
0707
0770
0777
0808
0880
0888
0909
0990
0999
1000
1010
1011
1110
1111
1112
1122
1212
1221
1234
12345
123456
123321
1313
1324
1331
1357
2000
2001
2002
2003
2020
2112
2121
2220
2222
2223
2323
2345
2468
3000
3001
3030
3210
3330
3333
3434
3456
4000
4040
4321
4440
4444
4545
4567
5000
5050
5432
5550
5555
5656
5678
6000
6060
6543
6660
6666
6767
6789
7000
7070
7654
7770
7777
7878
8000
8080
8765
8880
8888
8989
9000
9090
9876
9990
9999
00000
000000
11111
111111
12121
121212
12321
123321
123123
22222
222222
33333
333333
44444
444444
55555
555555
66666
666666
77777
777777
88888
888888
99999
999999
010101
101010
111000
000111
112233
223344
334455
445566
556677
667788
778899
121314
131415
141516
151617
161718
171819
181920
200000
210000
220000
230000
240000
250000
260000
270000
280000
290000
654321
987654
12121212
11111111
22222222
33333333
44444444
55555555
66666666
77777777
88888888
99999999
98564722
84815489
54515187
45879612
77785485
22113344
11223344
99887766
44228833
11112222
22224444
99998888
00221133
00001111
56497466
25825825
258258
14789632
12345678
12344321
12341234
98769876
87654321
01234567
01010101
